6082.933333333333
5663.5
5897.12
5567.1
5763.2
5777.025
5903.488888888889
6008.76
6048.0
5957.25
5941.138461538461
5740.099999999999
6171.8133333333335
5844.7125
5787.082352941176
5527.355555555556
5738.768421052631
5844.6
6000.038095238096
6210.981818181818
5739.052173913044
6017.625
6024.392
5827.323076923077
5884.711111111111
6145.6
5969.979310344827
5952.32
6115.8
5773.3
5882.066666666667
5998.2588235294115
5929.034285714286
5823.127777777778
5992.118918918919
5964.289473684211
5765.861538461539
5858.58
6013.687804878049
5940.561904761905
5944.786046511628
5927.5
6037.075555555555
5957.947826086956
5862.91914893617
5932.320833333333
5708.477551020408
6023.724
5835.019607843137
5938.203846153846
5881.8716981132075
6019.155555555555
5908.952727272727
5782.567857142857
5856.982456140351
5921.91724137931
5942.884745762712
5960.616666666667
5893.924590163934
5963.490322580646
5833.247619047619
5860.425
5891.07076923077
6064.6
5964.725373134328
5779.788235294118
5947.113043478261
6046.351428571428
5869.605633802817
5779.691666666667
5796.372602739726
5888.513513513513
5932.4
6044.615789473684
5800.6675324675325
5928.0
5810.1493670886075
5920.2
5975.38024691358
5988.839024390244
5822.265060240964
5980.247619047619
5803.0776470588235
5834.748837209302
5781.068965517241
5913.313636363637
5724.32808988764
5874.051111111111
5955.793406593407
5827.565217391304
5996.703225806452
5912.940425531915
5998.018947368421
5901.070833333333
5825.105154639175
5803.25306122449
5959.769696969697
5944.532
